{
 "cells": [
  {
   "cell_type": "code",
   "execution_count": 12,
   "id": "98b03ea6",
   "metadata": {},
   "outputs": [
    {
     "name": "stdout",
     "output_type": "stream",
     "text": [
      "A':\n",
      "[[0.17208256 0.12433436 0.1523186  0.07355066 0.12824909 0.08177523\n",
      "  0.04303331 0.09500926 0.07038459 0.05926236]\n",
      " [0.11740528 0.17082368 0.13640548 0.11740528 0.11485057 0.07323196\n",
      "  0.06869194 0.0850834  0.06303133 0.05307107]\n",
      " [0.1236918  0.11730683 0.14690601 0.07886937 0.14370937 0.09163314\n",
      "  0.0461452  0.10646252 0.07886937 0.06640637]\n",
      " [0.06993371 0.11822005 0.09234649 0.16362018 0.10967788 0.06993371\n",
      "  0.11692676 0.10967788 0.08125137 0.06841197]\n",
      " [0.09920333 0.09408245 0.13688916 0.08922592 0.13993409 0.10366573\n",
      "  0.05220465 0.12044239 0.08922592 0.07512636]\n",
      " [0.07507174 0.07119654 0.10359035 0.06752137 0.12303197 0.15797617\n",
      "  0.04211669 0.09716827 0.13116344 0.13116344]\n",
      " [0.05403179 0.09133852 0.07134824 0.15440401 0.08473872 0.05760288\n",
      "  0.21606356 0.11438531 0.08473872 0.07134824]\n",
      " [0.07642865 0.0724834  0.10546273 0.09279174 0.12525574 0.08514516\n",
      "  0.07328512 0.138429   0.12525574 0.10546273]\n",
      " [0.06072825 0.05759346 0.08379799 0.07372995 0.09952502 0.12327394\n",
      "  0.05823049 0.13434472 0.1560863  0.15268989]\n",
      " [0.0566471  0.05372298 0.07816648 0.06877504 0.09283659 0.13657049\n",
      "  0.0543172  0.12531629 0.1691593  0.16448853]]\n",
      "B':\n",
      "[[0.17208256 0.12433436 0.1523186  0.07355066 0.12824909 0.08177523\n",
      "  0.04303331 0.09500926 0.07038459 0.05926236]\n",
      " [0.11740528 0.17082368 0.13640548 0.11740528 0.11485057 0.07323196\n",
      "  0.06869194 0.0850834  0.06303133 0.05307107]\n",
      " [0.1236918  0.11730683 0.14690601 0.07886937 0.14370937 0.09163314\n",
      "  0.0461452  0.10646252 0.07886937 0.06640637]\n",
      " [0.06993371 0.11822005 0.09234649 0.16362018 0.10967788 0.06993371\n",
      "  0.11692676 0.10967788 0.08125137 0.06841197]\n",
      " [0.09920333 0.09408245 0.13688916 0.08922592 0.13993409 0.10366573\n",
      "  0.05220465 0.12044239 0.08922592 0.07512636]\n",
      " [0.07507174 0.07119654 0.10359035 0.06752137 0.12303197 0.15797617\n",
      "  0.04211669 0.09716827 0.13116344 0.13116344]\n",
      " [0.05403179 0.09133852 0.07134824 0.15440401 0.08473872 0.05760288\n",
      "  0.21606356 0.11438531 0.08473872 0.07134824]\n",
      " [0.07642865 0.0724834  0.10546273 0.09279174 0.12525574 0.08514516\n",
      "  0.07328512 0.138429   0.12525574 0.10546273]\n",
      " [0.06072825 0.05759346 0.08379799 0.07372995 0.09952502 0.12327394\n",
      "  0.05823049 0.13434472 0.1560863  0.15268989]\n",
      " [0.0566471  0.05372298 0.07816648 0.06877504 0.09283659 0.13657049\n",
      "  0.0543172  0.12531629 0.1691593  0.16448853]]\n",
      "A'*alfa:\n",
      "[[0.4302064  0.31083589 0.38079649 0.18387664 0.32062272 0.20443807\n",
      "  0.10758326 0.23752315 0.17596148 0.1481559 ]\n",
      " [0.29351321 0.4270592  0.3410137  0.29351321 0.28712643 0.1830799\n",
      "  0.17172986 0.21270849 0.15757833 0.13267767]\n",
      " [0.3092295  0.29326708 0.36726503 0.19717344 0.35927343 0.22908285\n",
      "  0.11536301 0.2661563  0.19717344 0.16601593]\n",
      " [0.17483427 0.29555013 0.23086623 0.40905044 0.27419471 0.17483427\n",
      "  0.2923169  0.27419471 0.20312844 0.17102991]\n",
      " [0.24800832 0.23520613 0.3422229  0.22306479 0.34983523 0.25916432\n",
      "  0.13051162 0.30110598 0.22306479 0.18781591]\n",
      " [0.18767935 0.17799135 0.25897588 0.16880344 0.30757992 0.39494043\n",
      "  0.10529174 0.24292067 0.32790861 0.32790861]\n",
      " [0.13507948 0.22834631 0.17837059 0.38601004 0.2118468  0.14400721\n",
      "  0.54015891 0.28596327 0.2118468  0.17837059]\n",
      " [0.19107162 0.1812085  0.26365681 0.23197934 0.31313935 0.2128629\n",
      "  0.1832128  0.34607251 0.31313935 0.26365681]\n",
      " [0.15182063 0.14398365 0.20949498 0.18432486 0.24881254 0.30818485\n",
      "  0.14557621 0.3358618  0.39021574 0.38172474]\n",
      " [0.14161776 0.13430745 0.19541619 0.1719376  0.23209148 0.34142622\n",
      "  0.13579299 0.31329073 0.42289825 0.41122134]]\n",
      "B'*beta:\n",
      "[[0.03441651 0.02486687 0.03046372 0.01471013 0.02564982 0.01635505\n",
      "  0.00860666 0.01900185 0.01407692 0.01185247]\n",
      " [0.02348106 0.03416474 0.0272811  0.02348106 0.02297011 0.01464639\n",
      "  0.01373839 0.01701668 0.01260627 0.01061421]\n",
      " [0.02473836 0.02346137 0.0293812  0.01577387 0.02874187 0.01832663\n",
      "  0.00922904 0.0212925  0.01577387 0.01328127]\n",
      " [0.01398674 0.02364401 0.0184693  0.03272404 0.02193558 0.01398674\n",
      "  0.02338535 0.02193558 0.01625027 0.01368239]\n",
      " [0.01984067 0.01881649 0.02737783 0.01784518 0.02798682 0.02073315\n",
      "  0.01044093 0.02408848 0.01784518 0.01502527]\n",
      " [0.01501435 0.01423931 0.02071807 0.01350427 0.02460639 0.03159523\n",
      "  0.00842334 0.01943365 0.02623269 0.02623269]\n",
      " [0.01080636 0.0182677  0.01426965 0.0308808  0.01694774 0.01152058\n",
      "  0.04321271 0.02287706 0.01694774 0.01426965]\n",
      " [0.01528573 0.01449668 0.02109255 0.01855835 0.02505115 0.01702903\n",
      "  0.01465702 0.0276858  0.02505115 0.02109255]\n",
      " [0.01214565 0.01151869 0.0167596  0.01474599 0.019905   0.02465479\n",
      "  0.0116461  0.02686894 0.03121726 0.03053798]\n",
      " [0.01132942 0.0107446  0.0156333  0.01375501 0.01856732 0.0273141\n",
      "  0.01086344 0.02506326 0.03383186 0.03289771]]\n",
      "A_alfa_B_beta:\n",
      "[[0.05213693 0.05257047 0.06099383 0.04649623 0.06118348 0.04791525\n",
      "  0.03264618 0.05478033 0.04833262 0.04294467]\n",
      " [0.04964075 0.05430058 0.05933871 0.05032495 0.0599577  0.04625739\n",
      "  0.03675952 0.05439517 0.04723758 0.04178765]\n",
      " [0.04953064 0.05103047 0.05959558 0.04687842 0.06087075 0.04878538\n",
      "  0.03335773 0.0555844  0.04986258 0.04450405]\n",
      " [0.04420972 0.0506742  0.05488896 0.05325659 0.05789929 0.04606584\n",
      "  0.04247143 0.0562656  0.04990555 0.04436281]\n",
      " [0.04732669 0.04911571 0.05798193 0.04710264 0.06034341 0.04959514\n",
      "  0.03426759 0.05638127 0.05159332 0.04629231]\n",
      " [0.04398742 0.0449717  0.05515139 0.04447682 0.05886022 0.05402971\n",
      "  0.03242788 0.05705963 0.05676314 0.05227209]\n",
      " [0.04098991 0.04887851 0.05157665 0.05608433 0.05562324 0.04435152\n",
      "  0.05033577 0.05705644 0.05039067 0.04471295]\n",
      " [0.04406714 0.04633979 0.0550624  0.04760288 0.05863448 0.04999936\n",
      "  0.03655529 0.05789104 0.05454459 0.04930304]\n",
      " [0.04170168 0.04316228 0.05297854 0.0452858  0.05754859 0.05334883\n",
      "  0.0346273  0.05850252 0.0587536  0.05409085]\n",
      " [0.04104951 0.04230096 0.05238541 0.04459825 0.05720522 0.05442694\n",
      "  0.03403983 0.05858443 0.05992519 0.05548426]]\n",
      "I_A_alfa_B_beta:\n",
      "[[ 0.94786307 -0.05257047 -0.06099383 -0.04649623 -0.06118348 -0.04791525\n",
      "  -0.03264618 -0.05478033 -0.04833262 -0.04294467]\n",
      " [-0.04964075  0.94569942 -0.05933871 -0.05032495 -0.0599577  -0.04625739\n",
      "  -0.03675952 -0.05439517 -0.04723758 -0.04178765]\n",
      " [-0.04953064 -0.05103047  0.94040442 -0.04687842 -0.06087075 -0.04878538\n",
      "  -0.03335773 -0.0555844  -0.04986258 -0.04450405]\n",
      " [-0.04420972 -0.0506742  -0.05488896  0.94674341 -0.05789929 -0.04606584\n",
      "  -0.04247143 -0.0562656  -0.04990555 -0.04436281]\n",
      " [-0.04732669 -0.04911571 -0.05798193 -0.04710264  0.93965659 -0.04959514\n",
      "  -0.03426759 -0.05638127 -0.05159332 -0.04629231]\n",
      " [-0.04398742 -0.0449717  -0.05515139 -0.04447682 -0.05886022  0.94597029\n",
      "  -0.03242788 -0.05705963 -0.05676314 -0.05227209]\n",
      " [-0.04098991 -0.04887851 -0.05157665 -0.05608433 -0.05562324 -0.04435152\n",
      "   0.94966423 -0.05705644 -0.05039067 -0.04471295]\n",
      " [-0.04406714 -0.04633979 -0.0550624  -0.04760288 -0.05863448 -0.04999936\n",
      "  -0.03655529  0.94210896 -0.05454459 -0.04930304]\n",
      " [-0.04170168 -0.04316228 -0.05297854 -0.0452858  -0.05754859 -0.05334883\n",
      "  -0.0346273  -0.05850252  0.9412464  -0.05409085]\n",
      " [-0.04104951 -0.04230096 -0.05238541 -0.04459825 -0.05720522 -0.05442694\n",
      "  -0.03403983 -0.05858443 -0.05992519  0.94451574]]\n",
      "T_I_A_alfa_B_beta:\n",
      "[[1.09787065 0.10097167 0.11725034 0.09442778 0.12017477 0.09751356\n",
      "  0.06887251 0.11139453 0.10103214 0.09049204]\n",
      " [0.09534459 1.1027271  0.11556648 0.09833542 0.11892593 0.0958017\n",
      "  0.07309793 0.11100688 0.09990085 0.08929312]\n",
      " [0.09521429 0.09938558 1.11581194 0.09480682 0.1198431  0.09840745\n",
      "  0.06960098 0.11221634 0.10261042 0.09210309]\n",
      " [0.08978417 0.09901785 0.11100732 1.10132012 0.11680804 0.0956175\n",
      "  0.07893717 0.11291524 0.10264539 0.09194722]\n",
      " [0.09295768 0.09742087 0.11415554 0.09502649 1.11929543 0.0992429\n",
      "  0.07052836 0.11303229 0.10439331 0.09394713]\n",
      " [0.08951993 0.09313897 0.11124864 0.09231921 0.11778289 1.10378958\n",
      "  0.06862724 0.11375503 0.10971992 0.10009858]\n",
      " [0.086475   0.0971971  0.1076148  0.10423803 0.11448181 0.09386129\n",
      "  1.08696351 0.11372464 0.10314034 0.09230347]\n",
      " [0.08960951 0.09456788 0.11116251 0.09553066 0.1175495  0.09967956\n",
      "  0.07286184 1.11457286 0.10742373 0.09704194]\n",
      " [0.08717115 0.09128216 0.10902264 0.09314352 0.11644314 0.10312024\n",
      "  0.07087565 0.11521876 1.11175688 0.10196586]\n",
      " [0.08649862 0.09038998 0.1084139  0.0924352  0.11609415 0.10422501\n",
      "  0.07027035 0.11531028 0.11296408 1.10339842]]\n",
      "E:\n",
      "[ 5835.70679247  1387.19116926  1640.02686374  1351.3285979\n",
      "  1718.38200225 10472.5967711   1000.433323    2639.64351234\n",
      "  1549.54762724  1405.14334071]\n",
      "P:\n",
      "[7126.52932677 6673.51856501 8383.40629357 6033.19841621 8801.59918345\n",
      " 8303.6148591  4217.60320231 7709.88625326 7898.08442508 7352.55947524]\n",
      "Population:\n",
      "[7127 6674 8383 6033 8802 8304 4218 7710 7898 7353]\n",
      "E:\n",
      "[ 5836  1387  1640  1351  1718 10473  1000  2640  1550  1405]\n",
      "Es:\n",
      "[1336 1387 1640 1351 1718 1473 1000 1640 1550 1405]\n"
     ]
    }
   ],
   "source": [
    "import numpy as np\n",
    "\n",
    "# Define the inputs as matrices and vectors\n",
    "distance_matrix = np.array([[2.00, 5.25, 3.22, 10.50, 4.94, 9.44, 15.86, 7.94, 10.94, 12.66],\n",
    "                            [5.25, 1.50, 3.75, 5.25, 5.47, 9.97, 10.61, 8.47, 11.47, 13.19],\n",
    "                            [3.22, 3.75, 1.50, 7.72, 1.72, 6.22, 13.08, 4.72, 7.72, 9.44],\n",
    "                            [10.50, 5.25, 7.72, 2.00, 6.00, 10.50, 5.36, 6.00, 9.00, 10.72],\n",
    "                            [4.94, 5.47, 1.72, 6.00, 1.50, 4.50, 11.36, 3.00, 6.00, 7.72],\n",
    "                            [9.44, 9.97, 6.22, 10.50, 4.50, 2.00, 15.22, 6.86, 3.86, 3.86],\n",
    "                            [15.86, 10.61, 13.08, 5.36, 11.36, 15.22, 2.00, 8.36, 11.36, 13.08],\n",
    "                            [7.94, 8.47, 4.72, 6.00, 3.00, 6.86, 8.36, 2.00, 3.00, 4.72],\n",
    "                            [10.94, 11.47, 7.72, 9.00, 6.00, 3.86, 11.36, 3.00, 1.50, 1.72],\n",
    "                            [12.66, 13.19, 9.44, 10.72, 7.72, 3.86, 13.08, 4.72, 1.72, 2.00]])\n",
    "\n",
    "Eb = np.array([4500, 0, 0, 0, 0, 9000, 0, 1000, 0, 0])\n",
    "\n",
    "alfa_matrix = np.array([[2.5, 0, 0, 0, 0, 0, 0, 0, 0, 0],\n",
    "                        [0, 2.5, 0, 0, 0, 0, 0, 0, 0, 0],\n",
    "                        [0, 0, 2.5, 0, 0, 0, 0, 0, 0, 0],\n",
    "                        [0, 0, 0, 2.5, 0, 0, 0, 0, 0, 0],\n",
    "                        [0, 0, 0, 0, 2.5, 0, 0, 0, 0, 0],\n",
    "                        [0, 0, 0, 0, 0, 2.5, 0, 0, 0, 0],\n",
    "                        [0, 0, 0, 0, 0, 0, 2.5, 0, 0, 0],\n",
    "                        [0, 0, 0, 0, 0, 0, 0, 2.5, 0, 0],\n",
    "                        [0, 0, 0, 0, 0, 0, 0, 0, 2.5, 0],\n",
    "                        [0, 0, 0, 0, 0, 0, 0, 0, 0, 2.5]])\n",
    "\n",
    "beta_matrix = np.array([[0.20, 0, 0, 0, 0, 0, 0, 0, 0, 0],\n",
    "                        [0, 0.20, 0, 0, 0, 0, 0, 0, 0, 0],\n",
    "                        [0, 0, 0.20, 0, 0, 0, 0, 0, 0, 0],\n",
    "                        [0, 0, 0, 0.20, 0, 0, 0, 0, 0, 0],\n",
    "                        [0, 0, 0, 0, 0.20, 0, 0, 0, 0, 0],\n",
    "                        [0, 0, 0, 0, 0, 0.20, 0, 0, 0, 0],\n",
    "                        [0, 0, 0, 0, 0, 0, 0.20, 0, 0, 0],\n",
    "                        [0, 0, 0, 0, 0, 0, 0, 0.20, 0, 0],\n",
    "                        [0, 0, 0, 0, 0, 0, 0, 0, 0.20, 0],\n",
    "                        [0, 0, 0, 0, 0, 0, 0, 0, 0, 0.20]])\n",
    "\n",
    "a = -0.1\n",
    "b = -0.1\n",
    "\n",
    "# Calculate the exponential equations\n",
    "A = np.exp(a * distance_matrix)\n",
    "B = np.exp(b * distance_matrix)\n",
    "\n",
    "# Calculate the normalized matrices A' and B'\n",
    "A_norm = A / np.sum(A, axis=1, keepdims=True)\n",
    "B_norm = B / np.sum(B, axis=1, keepdims=True)\n",
    "\n",
    "# Multiply A' and B' with alfa and beta matrices, respectively\n",
    "A_alfa = np.dot(A_norm, alfa_matrix)\n",
    "B_beta = np.dot(B_norm, beta_matrix)\n",
    "A_alfa_B_beta=np.dot(A_alfa, B_beta )\n",
    "I = np.eye(10)\n",
    "I_A_alfa_B_beta = I - A_alfa_B_beta\n",
    "T_I_A_alfa_B_beta = np.linalg.inv(I_A_alfa_B_beta)\n",
    "E = np.dot(Eb, T_I_A_alfa_B_beta)\n",
    "E_rounded = np.round(E).astype(int)\n",
    "P=np.dot(E, A_alfa )\n",
    "P_rounded = np.round(P).astype(int)\n",
    "Es=E_rounded-Eb\n",
    "\n",
    "# Print the results\n",
    "print(\"A':\")\n",
    "print(A_norm)\n",
    "print(\"B':\")\n",
    "print(B_norm)\n",
    "print(\"A'*alfa:\")\n",
    "print(A_alfa)\n",
    "print(\"B'*beta:\")\n",
    "print(B_beta)\n",
    "print(\"A_alfa_B_beta:\")\n",
    "print(A_alfa_B_beta)\n",
    "print(\"I_A_alfa_B_beta:\")\n",
    "print(I_A_alfa_B_beta)\n",
    "print(\"T_I_A_alfa_B_beta:\")\n",
    "print(T_I_A_alfa_B_beta)\n",
    "print(\"E:\")\n",
    "print(E)\n",
    "print(\"P:\")\n",
    "print(P)\n",
    "\n",
    "print(\"Population:\")\n",
    "print(P_rounded)\n",
    "print(\"E:\")\n",
    "print(E_rounded)\n",
    "print(\"Es:\")\n",
    "print(Es)"
   ]
  }
 ],
 "metadata": {
  "kernelspec": {
   "display_name": "Python 3 (ipykernel)",
   "language": "python",
   "name": "python3"
  },
  "language_info": {
   "codemirror_mode": {
    "name": "ipython",
    "version": 3
   },
   "file_extension": ".py",
   "mimetype": "text/x-python",
   "name": "python",
   "nbconvert_exporter": "python",
   "pygments_lexer": "ipython3",
   "version": "3.11.2"
  }
 },
 "nbformat": 4,
 "nbformat_minor": 5
}
